0.0	0.577230144561	0.713060214144	0.632104555141	0.7065816431	0.720086363281	0.686170809237	0.806134287303	0.662079673496	0.715413306797	0.676601151835	0.827073271647	0.550099016304	0.641520206337	0.584076676436	0.540150509711	0.707672027496	0.693470039763	0.831313740703	0.618950189573	0.694554236575	0.684528909758	0.710178889152	0.702414437483	0.849732534621	0.848629614572	0.406198572067	0.671967458623	0.681462713021	0.687211560404	0.727289739371	0.726439973073	0.694465247476	0.727830655073	0.628658780014	0.558952823265	0.665703244069	0.664983162155	0.692917769524	0.692290185873	0.755664374456	0.840411992104	0.829053424689	0.664587245971	0.699230187959	0.673618717837	0.68033959988	0.635716220226	0.783467521445	0.489969896526	0.674981108685	0.742189092434	0.692075991225	0.67158420832
0.577230144561	0.0	0.859985322207	0.632273130614	0.873078172721	0.868671680979	0.821050069527	0.885862093728	0.853828282021	0.858066649702	0.77922629094	0.925198353028	0.80538963019	0.811349472443	0.803088359494	0.789903102204	0.798442572041	0.82552066742	0.918645460545	0.811888204915	0.867875565666	0.863538983551	0.87463420707	0.871275595141	0.930120663992	0.927283266489	0.764878364274	0.839276542917	0.86221266131	0.864699398072	0.842452131257	0.85973698958	0.867837072304	0.874655856179	0.824716433033	0.734439020786	0.816441495822	0.855084222822	0.849855700211	0.866896221854	0.897261125796	0.935345029475	0.926054893311	0.854912964261	0.872729264384	0.867190106273	0.881990615772	0.83474527281	0.871061049634	0.75700924927	0.859408961247	0.871172878899	0.866803569246	0.812068611198
0.713060214144	0.859985322207	0.0	0.619242732991	0.239853063494	0.317580441447	0.354858804401	0.423623952233	0.307005940639	0.174685389323	0.498385965017	0.46575853224	0.44277767679	0.439582543384	0.368512522611	0.550631052998	0.51430393539	0.386110210909	0.512339722188	0.49112444241	0.29770644899	0.153050613274	0.104623922967	0.130715416128	0.479084211826	0.480649210088	0.59197276921	0.431793980293	0.325483376695	0.110202564019	0.153802483956	0.135626916255	0.117233446756	0.349150065632	0.352273495988	0.543315091064	0.371455704208	0.286117600121	0.105758706415	0.338708377482	0.302860655117	0.49085095046	0.47187603575	0.395125222033	0.415447195435	0.361161260727	0.173830759099	0.547765617128	0.48813149599	0.536138948416	0.309326977894	0.296419804558	0.129558400886	0.379355452999
0.632104555141	0.632273130614	0.619242732991	0.0	0.654847557125	0.666691012226	0.579092399099	0.746632242423	0.602499218447	0.614025076451	0.486030000706	0.796583678813	0.566777714427	0.568782427588	0.652445162344	0.610654074761	0.582867910992	0.559714319583	0.840071902353	0.486443577868	0.640699537256	0.653901793764	0.659079051964	0.685170545125	0.795635393764	0.802253412614	0.642354533883	0.65979874337	0.672580861995	0.632062236426	0.654510554421	0.663846841975	0.640594858035	0.747047276375	0.575305769182	0.473369984928	0.660647649924	0.645101698794	0.66779666226	0.708141581825	0.72629989027	0.810914236635	0.79891296273	0.690937053921	0.642151318283	0.726771485891	0.646571354381	0.595798132985	0.719940477324	0.505556520119	0.637431140586	0.649666282706	0.637784339837	0.488937566308
0.7065816431	0.873078172721	0.239853063494	0.654847557125	0.0	0.150863078768	0.335588285297	0.284635906659	0.180713892752	0.320499385367	0.526017027591	0.423220456671	0.391165357519	0.327211914416	0.410041349999	0.531254209935	0.422936991259	0.463714860322	0.465578026374	0.549818087299	0.108411165869	0.258755614843	0.232098700008	0.255304541666	0.444013105982	0.449611242694	0.598368495595	0.290914144704	0.193464305479	0.191312534427	0.324556589327	0.302759271017	0.245668949905	0.408101509705	0.433984722059	0.579880832832	0.427025290435	0.173385995308	0.324659824835	0.115230320349	0.195570005534	0.469523981432	0.417396453593	0.237044595093	0.325030512783	0.426682613909	0.302913898999	0.480806204823	0.334586886849	0.546286346652	0.210738101826	0.133218732706	0.239894553593	0.41873799838
0.720086363281	0.868671680979	0.317580441447	0.666691012226	0.150863078768	0.0	0.297401131633	0.296567478817	0.252467870851	0.37595025815	0.535774235674	0.454957756537	0.355611296481	0.432378009287	0.418326884099	0.531289073127	0.478196938583	0.470000155043	0.498160361765	0.542690743038	0.187890610588	0.308598388609	0.306356111749	0.3289641829	0.497180039784	0.491512687627	0.609692662735	0.348626175982	0.172074434929	0.262495844599	0.400365234137	0.376199905271	0.32092126064	0.421563797315	0.466516317497	0.565884699129	0.46059865019	0.245300266768	0.398872755854	0.194536985796	0.227121610404	0.510676222604	0.461102477297	0.226336315127	0.37907037389	0.460640615651	0.380665022134	0.465860320514	0.388500686717	0.531267765363	0.186170055822	0.146059077155	0.297522899143	0.450347474405
0.686170809237	0.821050069527	0.354858804401	0.579092399099	0.335588285297	0.297401131633	0.0	0.490359193432	0.365514772611	0.44155633069	0.437396386214	0.604162606391	0.422673342176	0.563919062192	0.415598824082	0.448148957493	0.555621485066	0.412181085082	0.651038511568	0.560866372938	0.429735749862	0.287058343644	0.343522661454	0.368937746913	0.613762847707	0.634574099876	0.648706323049	0.544326658291	0.237242449662	0.302641735207	0.420776227577	0.361790931559	0.360695045283	0.490983002874	0.418753345923	0.540506842733	0.409651054727	0.282723155686	0.446121342025	0.436382125069	0.436154775759	0.64184228276	0.608625215078	0.445592271752	0.502945070642	0.403116174823	0.371167337773	0.410533096623	0.571926513653	0.445911729586	0.26868770611	0.280094042171	0.355254400313	0.362265956845
0.806134287303	0.885862093728	0.423623952233	0.746632242423	0.284635906659	0.296567478817	0.490359193432	0.0	0.375067154906	0.509819990759	0.716070688382	0.548877829633	0.468123612232	0.448658380705	0.569431129186	0.680764293454	0.482724396453	0.604654214119	0.533168366719	0.634376812836	0.248058716646	0.503041158377	0.471724131176	0.459851227745	0.521808104884	0.550183476858	0.722944129099	0.33011901095	0.35878873824	0.447314783447	0.44719265767	0.472046540019	0.488801300249	0.539506653234	0.590961837839	0.703683270025	0.556073220411	0.341843889192	0.480298965206	0.285728135413	0.148044216801	0.560158101308	0.542702355097	0.273979325436	0.387520894132	0.592042319503	0.459588685998	0.537269802939	0.300053908211	0.755599690351	0.376062534588	0.246877220693	0.468989191358	0.589362664577
0.662079673496	0.853828282021	0.307005940639	0.602499218447	0.180713892752	0.252467870851	0.365514772611	0.375067154906	0.0	0.318852867364	0.497746556022	0.511892896924	0.355173491318	0.306799754401	0.323968237582	0.464578747487	0.335415403497	0.476448187042	0.567641702658	0.487038919199	0.244077302183	0.32493819615	0.298825327327	0.322718914759	0.545913690669	0.546103551117	0.543431139493	0.255278647729	0.249311542268	0.25758669529	0.350066237939	0.369505989756	0.314089670728	0.478088600038	0.396652199215	0.56692743409	0.428247104039	0.203925799986	0.393427834459	0.286822772551	0.319407397159	0.564675618421	0.517395739842	0.285636663433	0.461697848154	0.493591964568	0.37383609239	0.51916666476	0.469149471636	0.516448543024	0.254475276531	0.257056124331	0.30864152547	0.374535841757
0.715413306797	0.858066649702	0.174685389323	0.614025076451	0.320499385367	0.37595025815	0.44155633069	0.509819990759	0.318852867364	0.0	0.419275618855	0.505428767311	0.471309437843	0.467836446593	0.406606819345	0.489343319815	0.542146941854	0.348046458451	0.551904273372	0.47159916528	0.40696026347	0.198034636552	0.116727727019	0.142819220181	0.539178042519	0.51892880719	0.537943469044	0.472573719535	0.4021707507	0.190155404774	0.276944392039	0.222936893968	0.168157692175	0.443226741548	0.30592323619	0.51583310767	0.430415490216	0.371162712823	0.236677655577	0.413030613315	0.413841118005	0.547251265221	0.51097302234	0.391834370889	0.526205655208	0.484821442163	0.330307442872	0.582398466481	0.55913821881	0.467816459918	0.391099751388	0.372971664869	0.0981312422583	0.302295882169
0.676601151835	0.77922629094	0.498385965017	0.486030000706	0.526017027591	0.535774235674	0.437396386214	0.716070688382	0.497746556022	0.419275618855	0.0	0.689633155616	0.487995542669	0.578393887062	0.462124379506	0.511741939992	0.596987177286	0.392478947263	0.718728901106	0.439669465497	0.610337335082	0.412656009513	0.432152526387	0.458244019549	0.725522755949	0.698105069264	0.555424676391	0.623167282397	0.48824750136	0.476718409569	0.490324073677	0.538361693336	0.483582491543	0.633810450671	0.400750447633	0.423115655773	0.549766823971	0.539851813021	0.56037823127	0.61673397893	0.621583509977	0.723343016636	0.693112437919	0.607217201606	0.555759718345	0.609581096717	0.571931502175	0.594253801421	0.667899778743	0.364199383566	0.491089477318	0.562132057729	0.475205018784	0.481597933954
0.827073271647	0.925198353028	0.46575853224	0.796583678813	0.423220456671	0.454957756537	0.604162606391	0.548877829633	0.511892896924	0.505428767311	0.689633155616	0.0	0.637273827831	0.614538004849	0.620125825065	0.67789519185	0.659906697013	0.601645837096	0.185253420961	0.72411387849	0.446243545138	0.470660850031	0.437261141947	0.452498268348	0.169350928327	0.0992466373688	0.742206975582	0.568734805207	0.481240317576	0.466016706411	0.543136386582	0.485338633747	0.44861517475	0.425134895732	0.603571058286	0.730271759392	0.61321317942	0.507527146351	0.501801619658	0.450376148011	0.494357107126	0.102076452536	0.11525738739	0.51974532596	0.577521071988	0.498877408783	0.5307688717	0.690679266917	0.583312508307	0.708056806138	0.503642092271	0.456189453727	0.471593899548	0.618963940968
0.550099016304	0.80538963019	0.44277767679	0.566777714427	0.391165357519	0.355611296481	0.422673342176	0.468123612232	0.355173491318	0.471309437843	0.487995542669	0.637273827831	0.0	0.355319828938	0.436101043103	0.527605487671	0.428066844964	0.461506152125	0.66398701351	0.470376741101	0.416894105493	0.415588813043	0.460091799727	0.446567755701	0.654745521748	0.666321982771	0.401269481708	0.448584275426	0.42588963449	0.420219963748	0.535587796978	0.50300819521	0.478885482689	0.502524583525	0.4492642504	0.373826964468	0.523553566774	0.361271287911	0.530776350094	0.451590134583	0.41607668457	0.666855409195	0.641363145801	0.379336469258	0.454899669395	0.509532838226	0.464158015045	0.447120605005	0.553744873204	0.475605044295	0.425767200443	0.410905234771	0.456580374851	0.56459743577
0.641520206337	0.811349472443	0.439582543384	0.568782427588	0.327211914416	0.432378009287	0.563919062192	0.448658380705	0.306799754401	0.467836446593	0.578393887062	0.614538004849	0.355319828938	0.0	0.517419455612	0.585906477604	0.284994184053	0.538841921215	0.661695240682	0.520439752974	0.353111987646	0.488156212134	0.456953990329	0.481141079905	0.620374541963	0.634393237279	0.574335548815	0.459919413272	0.455339193054	0.417289947044	0.48306341921	0.499293134153	0.475490837906	0.589736909843	0.558341246093	0.473868090999	0.578604079356	0.40065200611	0.526685428687	0.430920928895	0.470445631286	0.634878353729	0.608031275358	0.423565683358	0.464912161175	0.613343003428	0.512188561655	0.625458049701	0.469359639375	0.581924826145	0.489352918011	0.440910579229	0.45335736545	0.55009232892
0.584076676436	0.803088359494	0.368512522611	0.652445162344	0.410041349999	0.418326884099	0.415598824082	0.569431129186	0.323968237582	0.406606819345	0.462124379506	0.620125825065	0.436101043103	0.517419455612	0.0	0.329611005579	0.489179292998	0.50722773178	0.625187509232	0.439032028345	0.435735131729	0.365237673011	0.363339858386	0.346283416622	0.637439163727	0.650332785338	0.468605716973	0.372221313109	0.416277685964	0.364160166349	0.387770329601	0.35324305863	0.381396106859	0.364227670132	0.321090913794	0.484670612735	0.390377121902	0.359001558345	0.38060791466	0.431821610643	0.476509351887	0.640196620012	0.62447569631	0.413217756161	0.595729514822	0.432574924611	0.453333947562	0.684122137405	0.624721687397	0.4931404826	0.392363135997	0.449155480846	0.422130005992	0.43574673165
0.540150509711	0.789903102204	0.550631052998	0.610654074761	0.531254209935	0.531289073127	0.448148957493	0.680764293454	0.464578747487	0.489343319815	0.511741939992	0.67789519185	0.527605487671	0.585906477604	0.329611005579	0.0	0.591736308294	0.532200813782	0.682129609439	0.603526912372	0.588025676581	0.460839906366	0.503267546389	0.490398896822	0.71432362015	0.701898864941	0.529104896243	0.55977490233	0.493484926195	0.502098064343	0.578508955991	0.545789916969	0.523580504324	0.535203151428	0.446956337152	0.479796880694	0.472587164467	0.468895628511	0.575526372773	0.554323471011	0.627039094494	0.718488586038	0.687673673854	0.531981849471	0.705548049682	0.512450359779	0.586738834319	0.654685957874	0.745525336172	0.457316850139	0.483795837615	0.581827317974	0.50114009726	0.453692399044
0.707672027496	0.798442572041	0.51430393539	0.582867910992	0.422936991259	0.478196938583	0.555621485066	0.482724396453	0.335415403497	0.542146941854	0.596987177286	0.659906697013	0.428066844964	0.284994184053	0.489179292998	0.591736308294	0.0	0.523551309374	0.69846259759	0.562902730798	0.449626846299	0.560069439157	0.526348455318	0.514457280704	0.652719813224	0.688450775687	0.586739065625	0.483174803952	0.534246319009	0.491286907458	0.517613080096	0.527500748005	0.546491949188	0.602333912788	0.552833865383	0.597383451783	0.574588733139	0.503841636742	0.601219166362	0.484656582005	0.524991954848	0.68903145062	0.663801044607	0.480180238225	0.569211832465	0.606477343557	0.589817854009	0.60419503386	0.523463139433	0.579561698763	0.504106155478	0.486315603906	0.525448607902	0.501670092121
0.693470039763	0.82552066742	0.386110210909	0.559714319583	0.463714860322	0.470000155043	0.412181085082	0.604654214119	0.476448187042	0.348046458451	0.392478947263	0.601645837096	0.461506152125	0.538841921215	0.50722773178	0.532200813782	0.523551309374	0.0	0.660432723892	0.473603349161	0.52567916628	0.251772980861	0.281486287942	0.307577781104	0.611112949244	0.631993941155	0.483475343571	0.654206987821	0.476799093741	0.354913965697	0.442160877472	0.328210015835	0.332916253098	0.500384407246	0.416614105113	0.477656975657	0.414846885087	0.47452721565	0.446517573804	0.552017629572	0.587502166958	0.639230791281	0.606111477079	0.582327381116	0.546664919925	0.54815884218	0.444140232669	0.422073094357	0.562583670359	0.396507053881	0.479374587285	0.471353002215	0.288294287815	0.411496275119
0.831313740703	0.918645460545	0.512339722188	0.840071902353	0.465578026374	0.498160361765	0.651038511568	0.533168366719	0.567641702658	0.551904273372	0.718728901106	0.185253420961	0.66398701351	0.661695240682	0.625187509232	0.682129609439	0.69846259759	0.660432723892	0.0	0.754989045864	0.489178705025	0.527993495797	0.505009402337	0.497292349284	0.249948681758	0.148779426023	0.754241284985	0.547503745802	0.52508997771	0.521196543059	0.575975560291	0.53227522266	0.517281267694	0.46814433352	0.639444015196	0.772542626299	0.641778282843	0.541409912455	0.510639732153	0.445193026543	0.47489838306	0.177544870288	0.190725805141	0.513731044731	0.575425685632	0.532109819193	0.572661407573	0.726342212577	0.558923488885	0.73860736772	0.536009304159	0.498687801084	0.539598689202	0.688716961847
0.618950189573	0.811888204915	0.49112444241	0.486443577868	0.549818087299	0.542690743038	0.560866372938	0.634376812836	0.487038919199	0.47159916528	0.439669465497	0.72411387849	0.470376741101	0.520439752974	0.439032028345	0.603526912372	0.562902730798	0.473603349161	0.754989045864	0.0	0.531858647159	0.554322591931	0.517503321867	0.543594815029	0.733664362695	0.731733839335	0.481648738438	0.546503291658	0.568129369371	0.516482813121	0.518150568769	0.591981181751	0.491343116049	0.621062397849	0.473007608092	0.472183305797	0.555483075085	0.532417353862	0.536909964406	0.602287482047	0.577469274492	0.730951050556	0.727243890573	0.557753819254	0.498056689976	0.663668947888	0.514778702883	0.556535267434	0.574535985494	0.420986686289	0.545652597419	0.587011481687	0.503772856813	0.491310911115
0.694554236575	0.867875565666	0.29770644899	0.640699537256	0.108411165869	0.187890610588	0.429735749862	0.248058716646	0.244077302183	0.40696026347	0.610337335082	0.446243545138	0.416894105493	0.353111987646	0.435735131729	0.588025676581	0.449626846299	0.52567916628	0.489178705025	0.531858647159	0.0	0.348649463068	0.320536746554	0.343021691572	0.455741557876	0.471847844872	0.582561221751	0.227652321468	0.230491837299	0.286423252988	0.381637303101	0.357858855338	0.289025684707	0.429271392894	0.445014143391	0.606762071659	0.439711845444	0.236852352435	0.33391751164	0.0959166106261	0.193846958649	0.472045626906	0.440337382996	0.236230885148	0.273032264763	0.47752179919	0.312188809474	0.526755812324	0.2847779693	0.591021715898	0.247765633647	0.170246264527	0.33030482958	0.463591388435
0.684528909758	0.863538983551	0.153050613274	0.653901793764	0.258755614843	0.308598388609	0.287058343644	0.503041158377	0.32493819615	0.198034636552	0.412656009513	0.470660850031	0.415588813043	0.488156212134	0.365237673011	0.460839906366	0.560069439157	0.251772980861	0.527993495797	0.554322591931	0.348649463068	0.0	0.0813069095323	0.107398402694	0.504319687651	0.506690867614	0.536479011698	0.511806562582	0.26394151379	0.121288932411	0.254501318184	0.154664589992	0.132736874688	0.346648651131	0.310799654344	0.514918488529	0.333807305264	0.304687431661	0.2145528668	0.354822660844	0.391594517787	0.51439959937	0.476649387168	0.423625559911	0.434635990682	0.335789826781	0.204134271346	0.486792306252	0.51855185637	0.43841065539	0.306614686556	0.313607393994	0.140097057138	0.385481755405
0.710178889152	0.87463420707	0.104623922967	0.659079051964	0.232098700008	0.306356111749	0.343522661454	0.471724131176	0.298825327327	0.116727727019	0.432152526387	0.437261141947	0.460091799727	0.456953990329	0.363339858386	0.503267546389	0.526348455318	0.281486287942	0.505009402337	0.517503321867	0.320536746554	0.0813069095323	0.0	0.0260914931618	0.470218357407	0.474340661085	0.548112215413	0.479838823111	0.3136654205	0.0734276777544	0.204268557043	0.106209166949	0.0514299651561	0.345818459861	0.284782965688	0.527920881672	0.329887698361	0.278963912056	0.165031285862	0.326553103682	0.362505402999	0.482085844078	0.443569571426	0.411308724403	0.469639490682	0.382930406926	0.213579715853	0.526380130134	0.50243838662	0.484071749426	0.301186928453	0.286169841921	0.0587901476057	0.332917221926
0.702414437483	0.871275595141	0.130715416128	0.685170545125	0.255304541666	0.3289641829	0.368937746913	0.459851227745	0.322718914759	0.142819220181	0.458244019549	0.452498268348	0.446567755701	0.481141079905	0.346283416622	0.490398896822	0.514457280704	0.307577781104	0.497292349284	0.543594815029	0.343021691572	0.107398402694	0.0260914931618	0.0	0.485632528474	0.488953839968	0.536005916968	0.467984114129	0.336703350192	0.0995191709162	0.230360050205	0.132300660111	0.0775214583179	0.331257852786	0.265621945706	0.515273647356	0.311935056596	0.303040123443	0.191122779024	0.311062379156	0.347900567937	0.496651904632	0.458635886204	0.397920298811	0.492759165971	0.368549028465	0.239671209014	0.5511338203	0.525191451738	0.510163242588	0.324617938848	0.3088324859	0.0848816407675	0.359008715088
0.849732534621	0.930120663992	0.479084211826	0.795635393764	0.444013105982	0.497180039784	0.613762847707	0.521808104884	0.545913690669	0.539178042519	0.725522755949	0.169350928327	0.654745521748	0.620374541963	0.637439163727	0.71432362015	0.652719813224	0.611112949244	0.249948681758	0.733664362695	0.455741557876	0.504319687651	0.470218357407	0.485632528474	0.0	0.135707658864	0.76247830543	0.581428309174	0.523613795578	0.499621074963	0.558269921563	0.47037609887	0.482112347279	0.436834848845	0.620088871306	0.750237722562	0.648646448435	0.541496918593	0.516058374358	0.480817803878	0.492962504404	0.112567991903	0.163627200456	0.531100289752	0.579113312407	0.505305499678	0.533782219372	0.692353787188	0.577769056704	0.744499953997	0.534332062388	0.458034818758	0.504950037447	0.62905438773
0.848629614572	0.927283266489	0.480649210088	0.802253412614	0.449611242694	0.491512687627	0.634574099876	0.550183476858	0.546103551117	0.51892880719	0.698105069264	0.0992466373688	0.666321982771	0.634393237279	0.650332785338	0.701898864941	0.688450775687	0.631993941155	0.148779426023	0.731733839335	0.471847844872	0.506690867614	0.474340661085	0.488953839968	0.135707658864	0.0	0.767086530252	0.569646979816	0.516713076914	0.502238592199	0.555719851348	0.520762253201	0.485657523777	0.487062928352	0.633840326155	0.755645761046	0.64343663338	0.541917558214	0.515687684356	0.475839274874	0.496743100715	0.0752126389655	0.0883935738187	0.542492622442	0.578270537639	0.52691071848	0.564711045061	0.717528478706	0.583945443133	0.734279044387	0.526931242587	0.481075326457	0.507267521123	0.648866962901
0.406198572067	0.764878364274	0.59197276921	0.642354533883	0.598368495595	0.609692662735	0.648706323049	0.722944129099	0.543431139493	0.537943469044	0.555424676391	0.742206975582	0.401269481708	0.574335548815	0.468605716973	0.529104896243	0.586739065625	0.483475343571	0.754241284985	0.481648738438	0.582561221751	0.536479011698	0.548112215413	0.536005916968	0.76247830543	0.767086530252	0.0	0.581227966524	0.618245025056	0.575934784643	0.648996159209	0.579271641925	0.523611575332	0.611669588925	0.444081078062	0.506237545564	0.513415002802	0.574257732086	0.56336768728	0.579591189915	0.665960401457	0.758161209326	0.745131715967	0.597159777919	0.625589497111	0.610128685408	0.583747096914	0.607402515559	0.678343084064	0.470178265008	0.622508846935	0.634327904363	0.5478131929	0.609354319512
0.671967458623	0.839276542917	0.431793980293	0.65979874337	0.290914144704	0.348626175982	0.544326658291	0.33011901095	0.255278647729	0.472573719535	0.623167282397	0.568734805207	0.448584275426	0.459919413272	0.372221313109	0.55977490233	0.483174803952	0.654206987821	0.547503745802	0.546503291658	0.227652321468	0.511806562582	0.479838823111	0.467984114129	0.581428309174	0.569646979816	0.581227966524	0.0	0.358494570175	0.455558634029	0.451750625236	0.481596118509	0.45594265465	0.493742297555	0.447784551527	0.660687799447	0.47648032531	0.304872914297	0.424942958846	0.222084783959	0.27122329968	0.590233913206	0.562489565229	0.2480917981	0.420694860981	0.544672601293	0.491864119201	0.63328592795	0.419586590973	0.612203800258	0.336932703962	0.330981829921	0.493479674783	0.500215506043
0.681462713021	0.86221266131	0.325483376695	0.672580861995	0.193464305479	0.172074434929	0.237242449662	0.35878873824	0.249311542268	0.4021707507	0.48824750136	0.481240317576	0.42588963449	0.455339193054	0.416277685964	0.493484926195	0.534246319009	0.476799093741	0.52508997771	0.568129369371	0.230491837299	0.26394151379	0.3136654205	0.336703350192	0.523613795578	0.516713076914	0.618245025056	0.358494570175	0.0	0.278236198315	0.384028776978	0.384959139766	0.328648178144	0.475105695751	0.445938033169	0.545437696429	0.439086949114	0.235897706253	0.408242152449	0.237138212507	0.269722837115	0.524363372259	0.487088732866	0.237674124149	0.319119254902	0.410209452396	0.338421862414	0.497176584735	0.410685444521	0.515123179475	0.21022235772	0.183727522835	0.323503042712	0.474579944453
0.687211560404	0.864699398072	0.110202564019	0.632062236426	0.191312534427	0.262495844599	0.302641735207	0.447314783447	0.25758669529	0.190155404774	0.476718409569	0.466016706411	0.420219963748	0.417289947044	0.364160166349	0.502098064343	0.491286907458	0.354913965697	0.521196543059	0.516482813121	0.286423252988	0.121288932411	0.0734276777544	0.0995191709162	0.499621074963	0.502238592199	0.575934784643	0.455558634029	0.278236198315	0.0	0.213557946675	0.146642546202	0.124857642911	0.364959825297	0.313375213271	0.556338309861	0.361137318223	0.236059584157	0.20653082301	0.292802156399	0.331052432653	0.50996180724	0.472057783827	0.382999874018	0.440772107975	0.340670945968	0.176988267148	0.490915916936	0.478993381948	0.443186205559	0.260952144446	0.249682052024	0.0977870833314	0.33380088449
0.727289739371	0.842452131257	0.153802483956	0.654510554421	0.324556589327	0.400365234137	0.420776227577	0.44719265767	0.350066237939	0.276944392039	0.490324073677	0.543136386582	0.535587796978	0.48306341921	0.387770329601	0.578508955991	0.517613080096	0.442160877472	0.575975560291	0.518150568769	0.381637303101	0.254501318184	0.204268557043	0.230360050205	0.558269921563	0.555719851348	0.648996159209	0.451750625236	0.384028776978	0.213557946675	0.0	0.239460031357	0.255698522199	0.444078421664	0.379264162086	0.616138091886	0.380370147158	0.346742128763	0.221094561856	0.421121181616	0.361499804294	0.565446136611	0.548304991087	0.428665505813	0.45228192785	0.459497795711	0.287998358298	0.575126936928	0.515131274629	0.572567108787	0.323352273137	0.379310972319	0.23103988657	0.361707593297
0.726439973073	0.85973698958	0.135626916255	0.663846841975	0.302759271017	0.376199905271	0.361790931559	0.472046540019	0.369505989756	0.222936893968	0.538361693336	0.485338633747	0.50300819521	0.499293134153	0.35324305863	0.545789916969	0.527500748005	0.328210015835	0.53227522266	0.591981181751	0.357858855338	0.154664589992	0.106209166949	0.132300660111	0.47037609887	0.520762253201	0.579271641925	0.481596118509	0.384959139766	0.146642546202	0.239460031357	0.0	0.157639132105	0.338822289045	0.353895288921	0.602638925954	0.39596273562	0.310196095952	0.139864111023	0.360450272415	0.401102783659	0.509506449966	0.491161117697	0.451268613083	0.510511117412	0.3779695151	0.249162577142	0.55390291202	0.501291268895	0.527211481673	0.370515358546	0.309827752138	0.164999314555	0.351101017477
0.694465247476	0.867837072304	0.117233446756	0.640594858035	0.245668949905	0.32092126064	0.360695045283	0.488801300249	0.314089670728	0.168157692175	0.483582491543	0.44861517475	0.478885482689	0.475490837906	0.381396106859	0.523580504324	0.546491949188	0.332916253098	0.517281267694	0.491343116049	0.289025684707	0.132736874688	0.0514299651561	0.0775214583179	0.482112347279	0.485657523777	0.523611575332	0.45594265465	0.328648178144	0.124857642911	0.255698522199	0.157639132105	0.0	0.360527167647	0.283320071613	0.549442040492	0.293555270541	0.293961969514	0.119760604418	0.295321058839	0.377943573137	0.49345598385	0.454870803544	0.427507812702	0.444315795415	0.399008604737	0.170941253403	0.502085398298	0.479075190883	0.488944373749	0.316194734117	0.30040267818	0.110220112762	0.332984546764
0.727830655073	0.874655856179	0.349150065632	0.747047276375	0.408101509705	0.421563797315	0.490983002874	0.539506653234	0.478088600038	0.443226741548	0.633810450671	0.425134895732	0.502524583525	0.589736909843	0.364227670132	0.535203151428	0.602333912788	0.500384407246	0.46814433352	0.621062397849	0.429271392894	0.346648651131	0.345818459861	0.331257852786	0.436834848845	0.487062928352	0.611669588925	0.493742297555	0.475105695751	0.364959825297	0.444078421664	0.338822289045	0.360527167647	0.0	0.46954291276	0.58898270533	0.424397275027	0.369432890039	0.36098324285	0.426011992117	0.462887612762	0.443848902644	0.449239287526	0.47370102931	0.562302420437	0.307161023416	0.444945709995	0.656205096682	0.584116241717	0.611143256488	0.433767294828	0.453582244221	0.394878331107	0.553152024191
0.628658780014	0.824716433033	0.352273495988	0.575305769182	0.433984722059	0.466516317497	0.418753345923	0.590961837839	0.396652199215	0.30592323619	0.400750447633	0.603571058286	0.4492642504	0.558341246093	0.321090913794	0.446956337152	0.552833865383	0.416614105113	0.639444015196	0.473007608092	0.445014143391	0.310799654344	0.284782965688	0.265621945706	0.620088871306	0.633840326155	0.444081078062	0.447784551527	0.445938033169	0.313375213271	0.379264162086	0.353895288921	0.283320071613	0.46954291276	0.0	0.502701525494	0.274385834281	0.440661884747	0.3624557273	0.446376281071	0.496579527336	0.623756402428	0.608015116105	0.458453492963	0.540690798357	0.459205816219	0.322144223631	0.60527629131	0.67238620245	0.388225591189	0.442056488891	0.470413103378	0.326298570589	0.32676629658
0.558952823265	0.734439020786	0.543315091064	0.473369984928	0.579880832832	0.565884699129	0.540506842733	0.703683270025	0.56692743409	0.51583310767	0.423115655773	0.730271759392	0.373826964468	0.473868090999	0.484670612735	0.479796880694	0.597383451783	0.477656975657	0.772542626299	0.472183305797	0.606762071659	0.514918488529	0.527920881672	0.515273647356	0.750237722562	0.755645761046	0.506237545564	0.660687799447	0.545437696429	0.556338309861	0.616138091886	0.602638925954	0.549442040492	0.58898270533	0.502701525494	0.0	0.549728076013	0.565825924494	0.634002594084	0.637703460491	0.647271539927	0.746610747898	0.733331908441	0.550333485836	0.625191672753	0.619057707274	0.610947859975	0.687852420887	0.73647309775	0.518856387614	0.618256168837	0.616100498699	0.498433726414	0.583705229431
0.665703244069	0.816441495822	0.371455704208	0.660647649924	0.427025290435	0.46059865019	0.409651054727	0.556073220411	0.428247104039	0.430415490216	0.549766823971	0.61321317942	0.523553566774	0.578604079356	0.390377121902	0.472587164467	0.574588733139	0.414846885087	0.641778282843	0.555483075085	0.439711845444	0.333807305264	0.329887698361	0.311935056596	0.648646448435	0.64343663338	0.513415002802	0.47648032531	0.439086949114	0.361137318223	0.380370147158	0.39596273562	0.293555270541	0.424397275027	0.274385834281	0.549728076013	0.0	0.355162737011	0.370329604045	0.400950774156	0.523385889332	0.650720430662	0.617601393715	0.552160401268	0.57049000767	0.445533770141	0.377552851172	0.603450850104	0.575547550988	0.463797596064	0.434977320534	0.464699683162	0.341541941657	0.434432014846
0.664983162155	0.855084222822	0.286117600121	0.645101698794	0.173385995308	0.245300266768	0.282723155686	0.341843889192	0.203925799986	0.371162712823	0.539851813021	0.507527146351	0.361271287911	0.40065200611	0.359001558345	0.468895628511	0.503841636742	0.47452721565	0.541409912455	0.532417353862	0.236852352435	0.304687431661	0.278963912056	0.303040123443	0.541496918593	0.541917558214	0.574257732086	0.304872914297	0.235897706253	0.236059584157	0.346742128763	0.310196095952	0.293961969514	0.369432890039	0.440661884747	0.565825924494	0.355162737011	0.0	0.333700190321	0.237769862598	0.276162105343	0.549486139128	0.513079208056	0.303922076379	0.40670225594	0.416578005178	0.352990522935	0.473128496005	0.401814826892	0.520299644363	0.202306345176	0.188385742804	0.288322238411	0.421233269019
0.692917769524	0.849855700211	0.105758706415	0.66779666226	0.324659824835	0.398872755854	0.446121342025	0.480298965206	0.393427834459	0.236677655577	0.56037823127	0.501801619658	0.530776350094	0.526685428687	0.38060791466	0.575526372773	0.601219166362	0.446517573804	0.510639732153	0.536909964406	0.33391751164	0.2145528668	0.165031285862	0.191122779024	0.516058374358	0.515687684356	0.56336768728	0.424942958846	0.408242152449	0.20653082301	0.221094561856	0.139864111023	0.119760604418	0.36098324285	0.3624557273	0.634002594084	0.370329604045	0.333700190321	0.0	0.336578011499	0.360789286799	0.525721543347	0.507506400219	0.451203838896	0.428209088942	0.402001212397	0.179898829373	0.56499522799	0.465437097267	0.541723926239	0.393976886444	0.378258290042	0.223821433467	0.421197248161
0.692290185873	0.866896221854	0.338708377482	0.708141581825	0.115230320349	0.194536985796	0.436382125069	0.285728135413	0.286822772551	0.413030613315	0.61673397893	0.450376148011	0.451590134583	0.430920928895	0.431821610643	0.554323471011	0.484656582005	0.552017629572	0.445193026543	0.602287482047	0.0959166106261	0.354822660844	0.326553103682	0.311062379156	0.480817803878	0.475839274874	0.579591189915	0.222084783959	0.237138212507	0.292802156399	0.421121181616	0.360450272415	0.295321058839	0.426011992117	0.446376281071	0.637703460491	0.400950774156	0.237769862598	0.336578011499	0.0	0.194393527097	0.495463568169	0.444455238465	0.236924566974	0.319257449374	0.445887844547	0.355036571264	0.533603034975	0.285919541668	0.563155751226	0.254412008854	0.176892639734	0.3364722446	0.470229203115
0.755664374456	0.897261125796	0.302860655117	0.72629989027	0.195570005534	0.227121610404	0.436154775759	0.148044216801	0.319407397159	0.413841118005	0.621583509977	0.494357107126	0.41607668457	0.470445631286	0.476509351887	0.627039094494	0.524991954848	0.587502166958	0.47489838306	0.577469274492	0.193846958649	0.391594517787	0.362505402999	0.347900567937	0.492962504404	0.496743100715	0.665960401457	0.27122329968	0.269722837115	0.331052432653	0.361499804294	0.401102783659	0.377943573137	0.462887612762	0.496579527336	0.647271539927	0.523385889332	0.276162105343	0.360789286799	0.194393527097	0.0	0.506979333771	0.488373185545	0.200152356244	0.28963625711	0.48479612027	0.334212082536	0.51206789072	0.339036708162	0.675736278364	0.250284810402	0.171104103413	0.373283665265	0.551506485584
0.840411992104	0.935345029475	0.49085095046	0.810914236635	0.469523981432	0.510676222604	0.64184228276	0.560158101308	0.564675618421	0.547251265221	0.723343016636	0.102076452536	0.666855409195	0.634878353729	0.640196620012	0.718488586038	0.68903145062	0.639230791281	0.177544870288	0.730951050556	0.472045626906	0.51439959937	0.482085844078	0.496651904632	0.112567991903	0.0752126389655	0.758161209326	0.590233913206	0.524363372259	0.50996180724	0.565446136611	0.509506449966	0.49345598385	0.443848902644	0.623756402428	0.746610747898	0.650720430662	0.549486139128	0.525721543347	0.495463568169	0.506979333771	0.0	0.0773393788316	0.531482248522	0.577028661687	0.518583127406	0.542504302811	0.71488868612	0.60106075673	0.741247430068	0.53454841003	0.488841161513	0.514906535662	0.656113194734
0.829053424689	0.926054893311	0.47187603575	0.79891296273	0.417396453593	0.461102477297	0.608625215078	0.542702355097	0.517395739842	0.51097302234	0.693112437919	0.11525738739	0.641363145801	0.608031275358	0.62447569631	0.687673673854	0.663801044607	0.606111477079	0.190725805141	0.727243890573	0.440337382996	0.476649387168	0.443569571426	0.458635886204	0.163627200456	0.0883935738187	0.745131715967	0.562489565229	0.487088732866	0.472057783827	0.548304991087	0.491161117697	0.454870803544	0.449239287526	0.608015116105	0.733331908441	0.617601393715	0.513079208056	0.507506400219	0.444455238465	0.488373185545	0.0773393788316	0.0	0.513672205482	0.571146439306	0.524370419092	0.536141953438	0.694166500343	0.57691720859	0.711359627511	0.49762554885	0.450339630274	0.477517451073	0.623274690683
0.664587245971	0.854912964261	0.395125222033	0.690937053921	0.237044595093	0.226336315127	0.445592271752	0.273979325436	0.285636663433	0.391834370889	0.607217201606	0.51974532596	0.379336469258	0.423565683358	0.413217756161	0.531981849471	0.480180238225	0.582327381116	0.513731044731	0.557753819254	0.236230885148	0.423625559911	0.411308724403	0.397920298811	0.531100289752	0.542492622442	0.597159777919	0.2480917981	0.237674124149	0.382999874018	0.428665505813	0.451268613083	0.427507812702	0.47370102931	0.458453492963	0.550333485836	0.552160401268	0.303922076379	0.451203838896	0.236924566974	0.200152356244	0.531482248522	0.513672205482	0.0	0.353934422697	0.494059419405	0.434750520954	0.547848356333	0.428680657689	0.587123803667	0.255699948338	0.22788261878	0.380256469488	0.471622061377
0.699230187959	0.872729264384	0.415447195435	0.642151318283	0.325030512783	0.37907037389	0.502945070642	0.387520894132	0.461697848154	0.526205655208	0.555759718345	0.577521071988	0.454899669395	0.464912161175	0.595729514822	0.705548049682	0.569211832465	0.546664919925	0.575425685632	0.498056689976	0.273032264763	0.434635990682	0.469639490682	0.492759165971	0.579113312407	0.578270537639	0.625589497111	0.420694860981	0.319119254902	0.440772107975	0.45228192785	0.510511117412	0.444315795415	0.562302420437	0.540690798357	0.625191672753	0.57049000767	0.40670225594	0.428209088942	0.319257449374	0.28963625711	0.577028661687	0.571146439306	0.353934422697	0.0	0.54603956169	0.345837212559	0.436728751491	0.238106141744	0.56851642445	0.358838875198	0.36002807251	0.483542504025	0.606742851278
0.673618717837	0.867190106273	0.361161260727	0.726771485891	0.426682613909	0.460640615651	0.403116174823	0.592042319503	0.493591964568	0.484821442163	0.609581096717	0.498877408783	0.509532838226	0.613343003428	0.432574924611	0.512450359779	0.606477343557	0.54815884218	0.532109819193	0.663668947888	0.47752179919	0.335789826781	0.382930406926	0.368549028465	0.505305499678	0.52691071848	0.610128685408	0.544672601293	0.410209452396	0.340670945968	0.459497795711	0.3779695151	0.399008604737	0.307161023416	0.459205816219	0.619057707274	0.445533770141	0.416578005178	0.402001212397	0.445887844547	0.48479612027	0.518583127406	0.524370419092	0.494059419405	0.54603956169	0.0	0.37626826222	0.617760508341	0.639787271684	0.538158322329	0.416668975225	0.470546782233	0.409112458957	0.566115133958
0.68033959988	0.881990615772	0.173830759099	0.646571354381	0.302913898999	0.380665022134	0.371167337773	0.459588685998	0.37383609239	0.330307442872	0.571931502175	0.5307688717	0.464158015045	0.512188561655	0.453333947562	0.586738834319	0.589817854009	0.444140232669	0.572661407573	0.514778702883	0.312188809474	0.204134271346	0.213579715853	0.239671209014	0.533782219372	0.564711045061	0.583747096914	0.491864119201	0.338421862414	0.176988267148	0.287998358298	0.249162577142	0.170941253403	0.444945709995	0.322144223631	0.610947859975	0.377552851172	0.352990522935	0.179898829373	0.355036571264	0.334212082536	0.542504302811	0.536141953438	0.434750520954	0.345837212559	0.37626826222	0.0	0.447648014046	0.481785702059	0.513482445603	0.374816804278	0.359185459165	0.240522687508	0.442596398893
0.635716220226	0.83474527281	0.547765617128	0.595798132985	0.480806204823	0.465860320514	0.410533096623	0.537269802939	0.51916666476	0.582398466481	0.594253801421	0.690679266917	0.447120605005	0.625458049701	0.684122137405	0.654685957874	0.60419503386	0.422073094357	0.726342212577	0.556535267434	0.526755812324	0.486792306252	0.526380130134	0.5511338203	0.692353787188	0.717528478706	0.607402515559	0.63328592795	0.497176584735	0.490915916936	0.575126936928	0.55390291202	0.502085398298	0.656205096682	0.60527629131	0.687852420887	0.603450850104	0.473128496005	0.56499522799	0.533603034975	0.51206789072	0.71488868612	0.694166500343	0.547848356333	0.436728751491	0.617760508341	0.447648014046	0.0	0.489244162437	0.476800730965	0.410246543803	0.448367147256	0.498403181809	0.490123269958
0.783467521445	0.871061049634	0.48813149599	0.719940477324	0.334586886849	0.388500686717	0.571926513653	0.300053908211	0.469149471636	0.55913821881	0.667899778743	0.583312508307	0.553744873204	0.469359639375	0.624721687397	0.745525336172	0.523463139433	0.562583670359	0.558923488885	0.574535985494	0.2847779693	0.51855185637	0.50243838662	0.525191451738	0.577769056704	0.583945443133	0.678343084064	0.419586590973	0.410685444521	0.478993381948	0.515131274629	0.501291268895	0.479075190883	0.584116241717	0.67238620245	0.73647309775	0.575547550988	0.401814826892	0.465437097267	0.285919541668	0.339036708162	0.60106075673	0.57691720859	0.428680657689	0.238106141744	0.639787271684	0.481785702059	0.489244162437	0.0	0.649977581787	0.428408089492	0.319279668925	0.516948915768	0.625423748379
0.489969896526	0.75700924927	0.536138948416	0.505556520119	0.546286346652	0.531267765363	0.445911729586	0.755599690351	0.516448543024	0.467816459918	0.364199383566	0.708056806138	0.475605044295	0.581924826145	0.4931404826	0.457316850139	0.579561698763	0.396507053881	0.73860736772	0.420986686289	0.591021715898	0.43841065539	0.484071749426	0.510163242588	0.744499953997	0.734279044387	0.470178265008	0.612203800258	0.515123179475	0.443186205559	0.572567108787	0.527211481673	0.488944373749	0.611143256488	0.388225591189	0.518856387614	0.463797596064	0.520299644363	0.541723926239	0.563155751226	0.675736278364	0.741247430068	0.711359627511	0.587123803667	0.56851642445	0.538158322329	0.513482445603	0.476800730965	0.649977581787	0.0	0.499850287036	0.582807812221	0.451845675796	0.390000685625
